Variant 0
b
x0 = -0.1, y0 = 0.5
Simple iteration method
Fi1(x,y)=-1+sin(y+0.5)
Fi2(x,y)=-c0s(x-2)

Jacobian:
0.0  ; cos(y+0.5)
sin(x-2);  0.0 

Values:
  0.000000   0.540302 
 -0.863209   0.000000 
                               Error
  Itr |    x     |     y     | Estimate     |      F1    |      F2    | Jacobian norm 
   1  | -0.100000 |  0.500000 | 2.902732e-01 |  5.853e-02 | -4.846e-03 | 0.83220
   2  | -0.158529 |  0.504846 | 2.487026e-01 | -2.608e-03 | -4.963e-02 | 0.83364
   3  | -0.155921 |  0.554476 | 1.420440e-01 | -2.556e-02 |  2.173e-03 | 0.84749
   4  | -0.130359 |  0.552303 | 1.188783e-01 |  1.075e-03 |  2.149e-02 | 0.84692
   5  | -0.131433 |  0.530815 | 5.742284e-02 |  1.085e-02 | -9.105e-04 | 0.84110
   6  | -0.142282 |  0.531726 | 4.855764e-02 | -4.677e-04 | -9.156e-03 | 0.84135
   7  | -0.141814 |  0.540882 | 2.520834e-02 | -4.664e-03 |  3.935e-04 | 0.84386
   8  | -0.137150 |  0.540488 | 2.122357e-02 |  1.989e-04 |  3.930e-03 | 0.84376
   9  | -0.137349 |  0.536558 | 1.068381e-02 |  1.994e-03 | -1.679e-04 | 0.84268
  10  | -0.139343 |  0.536726 | 9.011937e-03 | -8.547e-05 | -1.682e-03 | 0.84273
  11  | -0.139258 |  0.538408 | 4.596862e-03 | -8.549e-04 |  7.202e-05 | 0.84319
  12  | -0.138403 |  0.538336 | 3.874396e-03 |  3.656e-05 |  7.206e-04 | 0.84317
  13  | -0.138439 |  0.537615 | 1.965131e-03 |  3.661e-04 | -3.083e-05 | 0.84297
  14  | -0.138805 |  0.537646 | 1.656853e-03 | -1.567e-05 | -3.086e-04 | 0.84298
  15  | -0.138790 |  0.537955 | 8.424101e-04 | -1.568e-04 |  1.321e-05 | 0.84307
  16  | -0.138633 |  0.537942 | 7.101528e-04 |  6.710e-06 |  1.322e-04 | 0.84306
  17  | -0.138640 |  0.537809 | 3.606956e-04 |  6.716e-05 | -5.657e-06 | 0.84303
  18  | -0.138707 |  0.537815 | 3.040861e-04 | -2.874e-06 | -5.662e-05 | 0.84303
  19  | -0.138704 |  0.537872 | 1.545178e-04 | -2.877e-05 |  2.423e-06 | 0.84304
  20  | -0.138675 |  0.537869 | 1.302634e-04 |  1.231e-06 |  2.425e-05 | 0.84304
  21  | -0.138676 |  0.537845 | 6.617925e-05 |  1.232e-05 | -1.038e-06 | 0.84304

Newton method

Derivatives matrix:
 1.0  ; -cos(y+0.5)
 -sin(x-2);  1.0 
                               Error
  Itr |    x     |     y     | Estimate     |      F1    |      F2    | Jacobian norm 
   1  | -0.100000 |  0.500000 | 2.052492e-01 |  5.853e-02 | -4.846e-03 | 0.84334
   2  | -0.138128 |  0.537759 | 2.989474e-03 |  6.046e-04 |  3.749e-04 | 0.84304
   3  | -0.138685 |  0.537853 | 3.009102e-07 |  3.847e-09 |  8.326e-08 | 0.84304

Newton method

Derivatives matrix:
 1.0  ; -cos(y+0.5)
 -sin(x-2);  1.0 

Alpha = 2.71828 Lambda = 0.50000

                               Error                                                Jacobian 
  Itr |    x     |     y     | Estimate     |      F1    |      F2    |     FF    | norm     |   Alpha
   1  | -0.100000 |  0.500000 | 3.448639e-01 |  5.853e-02 | -4.846e-03 | 3.449e-03 | 0.823600 | 0.679570
   2  | -0.173864 |  0.549567 | 2.049753e-01 | -4.107e-02 | -1.760e-02 | 1.997e-03 | 0.844426 | 0.339785
   3  | -0.136100 |  0.547632 | 4.740662e-02 | -2.342e-03 |  1.196e-02 | 1.485e-04 | 0.841591 | 0.339785
   4  | -0.141371 |  0.538709 | 1.572942e-02 | -3.121e-03 | -1.407e-03 | 1.172e-05 | 0.843167 | 0.339785
   5  | -0.138446 |  0.538589 | 3.668723e-03 | -1.346e-04 |  9.377e-04 | 8.973e-07 | 0.842927 | 0.339785
   6  | -0.138891 |  0.537905 | 1.226383e-03 | -2.333e-04 | -1.218e-04 | 6.927e-08 | 0.843050 | 0.339785
   7  | -0.138663 |  0.537908 | 2.773952e-04 | -6.122e-06 |  7.289e-05 | 5.351e-09 | 0.843030 | 0.339785
   8  | -0.138701 |  0.537856 | 9.598572e-05 | -1.748e-05 | -1.046e-05 | 4.150e-10 | 0.843040 | 0.339785

