Variant 7
b
x0 = 1.7, y0 = 0.5
Simple iteration method
Fi1(x,y)=-sin(x - 1) + 1.3
Fi2(x,y)=sin(y + 1) + 0.8

Jacobian:
-cos(x - 1)  0
0            cos(y + 1)

Values:
 -0.764842   0.000000 
  0.000000   0.070737 
                               Error
  Itr |    x     |     y     | Estimate     |      F1    |      F2    | Jacobian norm 
   1  | 1.797495 |  0.655782 | 7.139943e-02 |  7.139e-02 |  1.104e-03 | 0.698502
   2  | 1.796391 |  0.584391 | 3.600391e-03 | -7.717e-04 | -3.517e-03 | 0.699291
   3  | 1.799908 |  0.585163 | 2.454812e-03 |  2.455e-03 |  1.079e-05 | 0.696773
   4  | 1.799897 |  0.582708 | 3.311781e-05 | -7.517e-06 | -3.225e-05 | 0.696781
   5  | 1.799929 |  0.582716 | 2.247337e-05 |  2.247e-05 |  8.957e-08 | 0.696758

Newton method

Derivatives matrix:
-cos(x - 1)  1
1            cos(y + 1)
                               Error
  Itr |    x     |     y     | Estimate     |      F1    |      F2    
   1  | 1.802945 |  0.577046 | 4.624702e-03 | -3.550e-03 |  2.965e-03
   2  | 1.799945 |  0.582679 | 1.619186e-05 | -3.234e-06 |  1.587e-05
   3  | 1.799929 |  0.582693 | 1.388444e-10 | -9.224e-11 |  1.038e-10

Newton method

Derivatives matrix:
-cos(x - 1)  1
1            cos(y + 1)

Alpha0 = 1 Lambda0 = 0.500

                               Error
  Itr |    x     |     y     | Estimate     |      F1    |      F2    |     FF    | k |   Alpha
   1  | 1.808322 |  0.574443 | 8.675273e-03 | -2.428e-03 |  8.329e-03 | 7.526e-05 | 2 | 0.250000
   2  | 1.795019 |  0.579238 | 8.477210e-03 | -6.885e-03 | -4.946e-03 | 7.186e-05 | 0 | 1.000000
   3  | 1.804786 |  0.586165 | 8.422083e-03 |  6.847e-03 |  4.904e-03 | 7.093e-05 | 1 | 0.500000
   4  | 1.795135 |  0.579242 | 8.339889e-03 | -6.799e-03 | -4.829e-03 | 6.955e-05 | 1 | 0.500000
   5  | 1.804725 |  0.586083 | 8.284967e-03 |  6.723e-03 |  4.842e-03 | 6.864e-05 | 1 | 0.500000
   6  | 1.795222 |  0.579286 | 8.204059e-03 | -6.695e-03 | -4.742e-03 | 6.731e-05 | 1 | 0.500000
   7  | 1.804651 |  0.586021 | 8.149683e-03 |  6.610e-03 |  4.767e-03 | 6.642e-05 | 1 | 0.500000
   8  | 1.795301 |  0.579339 | 8.070243e-03 | -6.587e-03 | -4.663e-03 | 6.513e-05 | 1 | 0.500000
   9  | 1.804575 |  0.585965 | 8.016522e-03 |  6.501e-03 |  4.690e-03 | 6.426e-05 | 1 | 0.500000
  10  | 1.795377 |  0.579393 | 7.938577e-03 | -6.480e-03 | -4.586e-03 | 6.302e-05 | 1 | 0.500000
  11  | 1.804499 |  0.585912 | 7.885537e-03 |  6.395e-03 |  4.613e-03 | 6.218e-05 | 1 | 0.500000
  12  | 1.795451 |  0.579447 | 7.809071e-03 | -6.374e-03 | -4.512e-03 | 6.098e-05 | 1 | 0.500000
  13  | 1.804424 |  0.585860 | 7.756714e-03 |  6.291e-03 |  4.537e-03 | 6.017e-05 | 1 | 0.500000
  14  | 1.795523 |  0.579500 | 7.681699e-03 | -6.270e-03 | -4.439e-03 | 5.901e-05 | 1 | 0.500000
  15  | 1.804350 |  0.585809 | 7.630021e-03 |  6.189e-03 |  4.463e-03 | 5.822e-05 | 1 | 0.500000
  16  | 1.795595 |  0.579553 | 7.556428e-03 | -6.167e-03 | -4.367e-03 | 5.710e-05 | 1 | 0.500000
  17  | 1.804278 |  0.585758 | 7.505424e-03 |  6.088e-03 |  4.390e-03 | 5.633e-05 | 1 | 0.500000
  18  | 1.795665 |  0.579605 | 7.433222e-03 | -6.066e-03 | -4.296e-03 | 5.525e-05 | 1 | 0.500000
  19  | 1.804206 |  0.585708 | 7.382886e-03 |  5.989e-03 |  4.318e-03 | 5.451e-05 | 1 | 0.500000
  20  | 1.795734 |  0.579655 | 7.312047e-03 | -5.967e-03 | -4.226e-03 | 5.347e-05 | 1 | 0.500000
  21  | 1.804136 |  0.585660 | 7.262374e-03 |  5.891e-03 |  4.247e-03 | 5.274e-05 | 1 | 0.500000
  22  | 1.795803 |  0.579705 | 7.192868e-03 | -5.869e-03 | -4.158e-03 | 5.174e-05 | 1 | 0.500000
  23  | 1.804067 |  0.585612 | 7.143851e-03 |  5.795e-03 |  4.177e-03 | 5.103e-05 | 1 | 0.500000
  24  | 1.795869 |  0.579754 | 7.075651e-03 | -5.773e-03 | -4.090e-03 | 5.006e-05 | 1 | 0.500000
  25  | 1.803999 |  0.585564 | 7.027285e-03 |  5.701e-03 |  4.108e-03 | 4.938e-05 | 1 | 0.500000
  26  | 1.795935 |  0.579803 | 6.960363e-03 | -5.679e-03 | -4.024e-03 | 4.845e-05 | 1 | 0.500000
  27  | 1.803933 |  0.585518 | 6.912641e-03 |  5.608e-03 |  4.041e-03 | 4.778e-05 | 1 | 0.500000
  28  | 1.796000 |  0.579850 | 6.846971e-03 | -5.586e-03 | -3.959e-03 | 4.688e-05 | 1 | 0.500000
  29  | 1.803867 |  0.585472 | 6.799887e-03 |  5.517e-03 |  3.975e-03 | 4.624e-05 | 1 | 0.500000
  30  | 1.796064 |  0.579897 | 6.735443e-03 | -5.495e-03 | -3.895e-03 | 4.537e-05 | 1 | 0.500000
  31  | 1.803803 |  0.585427 | 6.688992e-03 |  5.427e-03 |  3.910e-03 | 4.474e-05 | 1 | 0.500000
  32  | 1.796126 |  0.579943 | 6.625749e-03 | -5.405e-03 | -3.832e-03 | 4.390e-05 | 1 | 0.500000
  33  | 1.803739 |  0.585383 | 6.579923e-03 |  5.339e-03 |  3.846e-03 | 4.330e-05 | 1 | 0.500000
  34  | 1.796188 |  0.579988 | 6.517855e-03 | -5.317e-03 | -3.770e-03 | 4.248e-05 | 1 | 0.500000
  35  | 1.803677 |  0.585340 | 6.472650e-03 |  5.252e-03 |  3.783e-03 | 4.190e-05 | 1 | 0.500000
  36  | 1.796249 |  0.580032 | 6.411734e-03 | -5.230e-03 | -3.709e-03 | 4.111e-05 | 1 | 0.500000
  37  | 1.803615 |  0.585297 | 6.367141e-03 |  5.167e-03 |  3.721e-03 | 4.054e-05 | 1 | 0.500000
  38  | 1.796308 |  0.580076 | 6.307354e-03 | -5.145e-03 | -3.649e-03 | 3.978e-05 | 1 | 0.500000
  39  | 1.803555 |  0.585255 | 6.263369e-03 |  5.083e-03 |  3.660e-03 | 3.923e-05 | 1 | 0.500000
  40  | 1.796367 |  0.580119 | 6.204686e-03 | -5.061e-03 | -3.589e-03 | 3.850e-05 | 1 | 0.500000
  41  | 1.803496 |  0.585213 | 6.161302e-03 |  5.000e-03 |  3.600e-03 | 3.796e-05 | 1 | 0.500000
  42  | 1.796425 |  0.580161 | 6.103702e-03 | -4.978e-03 | -3.531e-03 | 3.726e-05 | 1 | 0.500000
  43  | 1.803437 |  0.585172 | 6.060913e-03 |  4.919e-03 |  3.541e-03 | 3.673e-05 | 1 | 0.500000
  44  | 1.796482 |  0.580202 | 6.004373e-03 | -4.897e-03 | -3.474e-03 | 3.605e-05 | 1 | 0.500000
  45  | 1.803380 |  0.585132 | 5.962173e-03 |  4.839e-03 |  3.483e-03 | 3.555e-05 | 1 | 0.500000
  46  | 1.796538 |  0.580243 | 5.906673e-03 | -4.817e-03 | -3.418e-03 | 3.489e-05 | 1 | 0.500000
  47  | 1.803324 |  0.585093 | 5.865054e-03 |  4.761e-03 |  3.426e-03 | 3.440e-05 | 1 | 0.500000
  48  | 1.796592 |  0.580283 | 5.810572e-03 | -4.739e-03 | -3.363e-03 | 3.376e-05 | 1 | 0.500000
  49  | 1.803268 |  0.585054 | 5.769530e-03 |  4.683e-03 |  3.370e-03 | 3.329e-05 | 1 | 0.500000
  50  | 1.796647 |  0.580323 | 5.716045e-03 | -4.662e-03 | -3.308e-03 | 3.267e-05 | 1 | 0.500000
  51  | 1.803214 |  0.585016 | 5.675573e-03 |  4.607e-03 |  3.315e-03 | 3.221e-05 | 1 | 0.500000
  52  | 1.796700 |  0.580362 | 5.623066e-03 | -4.586e-03 | -3.255e-03 | 3.162e-05 | 1 | 0.500000
  53  | 1.803160 |  0.584978 | 5.583157e-03 |  4.532e-03 |  3.260e-03 | 3.117e-05 | 1 | 0.500000
  54  | 1.796752 |  0.580400 | 5.531609e-03 | -4.511e-03 | -3.202e-03 | 3.060e-05 | 1 | 0.500000
  55  | 1.803107 |  0.584941 | 5.492257e-03 |  4.459e-03 |  3.207e-03 | 3.016e-05 | 1 | 0.500000
  56  | 1.796804 |  0.580437 | 5.441647e-03 | -4.437e-03 | -3.150e-03 | 2.961e-05 | 1 | 0.500000
  57  | 1.803055 |  0.584905 | 5.402847e-03 |  4.386e-03 |  3.155e-03 | 2.919e-05 | 1 | 0.500000
  58  | 1.796854 |  0.580474 | 5.353157e-03 | -4.365e-03 | -3.099e-03 | 2.866e-05 | 1 | 0.500000
  59  | 1.803004 |  0.584869 | 5.314902e-03 |  4.315e-03 |  3.103e-03 | 2.825e-05 | 1 | 0.500000
  60  | 1.796904 |  0.580511 | 5.266114e-03 | -4.294e-03 | -3.049e-03 | 2.773e-05 | 1 | 0.500000
  61  | 1.802954 |  0.584834 | 5.228397e-03 |  4.245e-03 |  3.052e-03 | 2.734e-05 | 1 | 0.500000
  62  | 1.796953 |  0.580546 | 5.180494e-03 | -4.224e-03 | -2.999e-03 | 2.684e-05 | 1 | 0.500000
  63  | 1.802904 |  0.584799 | 5.143310e-03 |  4.176e-03 |  3.003e-03 | 2.645e-05 | 1 | 0.500000
  64  | 1.797001 |  0.580581 | 5.096273e-03 | -4.155e-03 | -2.951e-03 | 2.597e-05 | 1 | 0.500000
  65  | 1.802856 |  0.584765 | 5.059615e-03 |  4.108e-03 |  2.953e-03 | 2.560e-05 | 1 | 0.500000
  66  | 1.797049 |  0.580616 | 5.013428e-03 | -4.087e-03 | -2.903e-03 | 2.513e-05 | 1 | 0.500000
  67  | 1.802808 |  0.584732 | 4.977290e-03 |  4.041e-03 |  2.905e-03 | 2.477e-05 | 1 | 0.500000
  68  | 1.797095 |  0.580650 | 4.931936e-03 | -4.021e-03 | -2.856e-03 | 2.432e-05 | 1 | 0.500000
  69  | 1.802761 |  0.584699 | 4.896312e-03 |  3.976e-03 |  2.858e-03 | 2.397e-05 | 1 | 0.500000
  70  | 1.797141 |  0.580683 | 4.851775e-03 | -3.955e-03 | -2.810e-03 | 2.354e-05 | 1 | 0.500000
  71  | 1.802715 |  0.584666 | 4.816659e-03 |  3.911e-03 |  2.811e-03 | 2.320e-05 | 1 | 0.500000
  72  | 1.797186 |  0.580716 | 4.772923e-03 | -3.891e-03 | -2.764e-03 | 2.278e-05 | 1 | 0.500000
  73  | 1.802669 |  0.584634 | 4.738309e-03 |  3.848e-03 |  2.765e-03 | 2.245e-05 | 1 | 0.500000
  74  | 1.797231 |  0.580748 | 4.695357e-03 | -3.828e-03 | -2.720e-03 | 2.205e-05 | 1 | 0.500000
  75  | 1.802625 |  0.584603 | 4.661239e-03 |  3.785e-03 |  2.720e-03 | 2.173e-05 | 1 | 0.500000
  76  | 1.797275 |  0.580780 | 4.619058e-03 | -3.765e-03 | -2.676e-03 | 2.134e-05 | 1 | 0.500000
  77  | 1.802581 |  0.584572 | 4.585430e-03 |  3.724e-03 |  2.676e-03 | 2.103e-05 | 1 | 0.500000
  78  | 1.797318 |  0.580811 | 4.544003e-03 | -3.704e-03 | -2.632e-03 | 2.065e-05 | 1 | 0.500000
  79  | 1.802538 |  0.584542 | 4.510859e-03 |  3.663e-03 |  2.632e-03 | 2.035e-05 | 1 | 0.500000
  80  | 1.797360 |  0.580842 | 4.470173e-03 | -3.644e-03 | -2.590e-03 | 1.998e-05 | 1 | 0.500000
  81  | 1.802495 |  0.584512 | 4.437507e-03 |  3.604e-03 |  2.589e-03 | 1.969e-05 | 1 | 0.500000
  82  | 1.797402 |  0.580872 | 4.397546e-03 | -3.584e-03 | -2.548e-03 | 1.934e-05 | 1 | 0.500000
  83  | 1.802453 |  0.584482 | 4.365353e-03 |  3.545e-03 |  2.547e-03 | 1.906e-05 | 1 | 0.500000
  84  | 1.797442 |  0.580902 | 4.326104e-03 | -3.526e-03 | -2.506e-03 | 1.872e-05 | 1 | 0.500000
  85  | 1.802412 |  0.584453 | 4.294377e-03 |  3.488e-03 |  2.505e-03 | 1.844e-05 | 1 | 0.500000
  86  | 1.797483 |  0.580931 | 4.255827e-03 | -3.469e-03 | -2.466e-03 | 1.811e-05 | 1 | 0.500000
  87  | 1.802372 |  0.584425 | 4.224560e-03 |  3.431e-03 |  2.464e-03 | 1.785e-05 | 1 | 0.500000
  88  | 1.797522 |  0.580960 | 4.186695e-03 | -3.412e-03 | -2.426e-03 | 1.753e-05 | 1 | 0.500000
  89  | 1.802332 |  0.584397 | 4.155883e-03 |  3.376e-03 |  2.424e-03 | 1.727e-05 | 1 | 0.500000
  90  | 1.797561 |  0.580988 | 4.118690e-03 | -3.357e-03 | -2.387e-03 | 1.696e-05 | 1 | 0.500000
  91  | 1.802293 |  0.584369 | 4.088327e-03 |  3.321e-03 |  2.385e-03 | 1.671e-05 | 1 | 0.500000
  92  | 1.797600 |  0.581016 | 4.051793e-03 | -3.302e-03 | -2.348e-03 | 1.642e-05 | 1 | 0.500000
  93  | 1.802254 |  0.584342 | 4.021873e-03 |  3.267e-03 |  2.346e-03 | 1.618e-05 | 1 | 0.500000
  94  | 1.797637 |  0.581044 | 3.985986e-03 | -3.248e-03 | -2.310e-03 | 1.589e-05 | 1 | 0.500000
  95  | 1.802216 |  0.584316 | 3.956504e-03 |  3.214e-03 |  2.308e-03 | 1.565e-05 | 1 | 0.500000
  96  | 1.797675 |  0.581070 | 3.921251e-03 | -3.196e-03 | -2.273e-03 | 1.538e-05 | 1 | 0.500000
  97  | 1.802179 |  0.584289 | 3.892201e-03 |  3.162e-03 |  2.270e-03 | 1.515e-05 | 1 | 0.500000
  98  | 1.797711 |  0.581097 | 3.857570e-03 | -3.144e-03 | -2.236e-03 | 1.488e-05 | 1 | 0.500000
  99  | 1.802142 |  0.584264 | 3.828947e-03 |  3.110e-03 |  2.233e-03 | 1.466e-05 | 1 | 0.500000
 100  | 1.797747 |  0.581123 | 3.794926e-03 | -3.092e-03 | -2.200e-03 | 1.440e-05 | 1 | 0.500000
 101  | 1.802106 |  0.584238 | 3.766724e-03 |  3.060e-03 |  2.197e-03 | 1.419e-05 | 1 | 0.500000
 102  | 1.797782 |  0.581149 | 3.733302e-03 | -3.042e-03 | -2.164e-03 | 1.394e-05 | 1 | 0.500000
 103  | 1.802071 |  0.584213 | 3.705515e-03 |  3.010e-03 |  2.161e-03 | 1.373e-05 | 1 | 0.500000
 104  | 1.797817 |  0.581174 | 3.672682e-03 | -2.993e-03 | -2.129e-03 | 1.349e-05 | 1 | 0.500000
 105  | 1.802036 |  0.584189 | 3.645305e-03 |  2.961e-03 |  2.126e-03 | 1.329e-05 | 1 | 0.500000
 106  | 1.797851 |  0.581199 | 3.613048e-03 | -2.944e-03 | -2.095e-03 | 1.305e-05 | 1 | 0.500000
 107  | 1.802002 |  0.584164 | 3.586076e-03 |  2.913e-03 |  2.091e-03 | 1.286e-05 | 1 | 0.500000
 108  | 1.797885 |  0.581223 | 3.554385e-03 | -2.896e-03 | -2.061e-03 | 1.263e-05 | 1 | 0.500000
 109  | 1.801968 |  0.584141 | 3.527812e-03 |  2.866e-03 |  2.057e-03 | 1.245e-05 | 1 | 0.500000
 110  | 1.797918 |  0.581247 | 3.496676e-03 | -2.849e-03 | -2.027e-03 | 1.223e-05 | 1 | 0.500000
 111  | 1.801935 |  0.584117 | 3.470498e-03 |  2.820e-03 |  2.023e-03 | 1.204e-05 | 1 | 0.500000
 112  | 1.797951 |  0.581270 | 3.439907e-03 | -2.803e-03 | -1.994e-03 | 1.183e-05 | 1 | 0.500000
 113  | 1.801902 |  0.584094 | 3.414117e-03 |  2.774e-03 |  1.990e-03 | 1.166e-05 | 1 | 0.500000
 114  | 1.797983 |  0.581294 | 3.384061e-03 | -2.757e-03 | -1.962e-03 | 1.145e-05 | 1 | 0.500000
 115  | 1.801870 |  0.584071 | 3.358655e-03 |  2.729e-03 |  1.958e-03 | 1.128e-05 | 1 | 0.500000
 116  | 1.798014 |  0.581316 | 3.329124e-03 | -2.712e-03 | -1.930e-03 | 1.108e-05 | 1 | 0.500000
 117  | 1.801838 |  0.584049 | 3.304096e-03 |  2.685e-03 |  1.926e-03 | 1.092e-05 | 1 | 0.500000
 118  | 1.798045 |  0.581339 | 3.275080e-03 | -2.668e-03 | -1.899e-03 | 1.073e-05 | 1 | 0.500000
 119  | 1.801807 |  0.584027 | 3.250426e-03 |  2.641e-03 |  1.895e-03 | 1.057e-05 | 1 | 0.500000
 120  | 1.798076 |  0.581361 | 3.221915e-03 | -2.625e-03 | -1.868e-03 | 1.038e-05 | 1 | 0.500000
 121  | 1.801777 |  0.584006 | 3.197630e-03 |  2.598e-03 |  1.864e-03 | 1.022e-05 | 1 | 0.500000
 122  | 1.798106 |  0.581383 | 3.169615e-03 | -2.582e-03 | -1.838e-03 | 1.005e-05 | 1 | 0.500000
 123  | 1.801747 |  0.583984 | 3.145694e-03 |  2.556e-03 |  1.833e-03 | 9.895e-06 | 1 | 0.500000
 124  | 1.798135 |  0.581404 | 3.118166e-03 | -2.540e-03 | -1.808e-03 | 9.723e-06 | 1 | 0.500000
 125  | 1.801717 |  0.583963 | 3.094603e-03 |  2.515e-03 |  1.804e-03 | 9.577e-06 | 1 | 0.500000
 126  | 1.798164 |  0.581425 | 3.067553e-03 | -2.499e-03 | -1.779e-03 | 9.410e-06 | 1 | 0.500000
 127  | 1.801688 |  0.583943 | 3.044343e-03 |  2.474e-03 |  1.774e-03 | 9.268e-06 | 1 | 0.500000
 128  | 1.798193 |  0.581446 | 3.017763e-03 | -2.458e-03 | -1.750e-03 | 9.107e-06 | 1 | 0.500000
 129  | 1.801659 |  0.583923 | 2.994902e-03 |  2.434e-03 |  1.745e-03 | 8.969e-06 | 1 | 0.500000
 130  | 1.798221 |  0.581466 | 2.968783e-03 | -2.418e-03 | -1.722e-03 | 8.814e-06 | 1 | 0.500000
 131  | 1.801631 |  0.583903 | 2.946266e-03 |  2.394e-03 |  1.717e-03 | 8.680e-06 | 1 | 0.500000
 132  | 1.798249 |  0.581486 | 2.920598e-03 | -2.379e-03 | -1.694e-03 | 8.530e-06 | 1 | 0.500000
 133  | 1.801603 |  0.583883 | 2.898421e-03 |  2.355e-03 |  1.689e-03 | 8.401e-06 | 1 | 0.500000
 134  | 1.798276 |  0.581506 | 2.873197e-03 | -2.340e-03 | -1.667e-03 | 8.255e-06 | 1 | 0.500000
 135  | 1.801576 |  0.583864 | 2.851354e-03 |  2.317e-03 |  1.662e-03 | 8.130e-06 | 1 | 0.500000
 136  | 1.798303 |  0.581525 | 2.826567e-03 | -2.302e-03 | -1.640e-03 | 7.989e-06 | 1 | 0.500000
 137  | 1.801549 |  0.583845 | 2.805054e-03 |  2.280e-03 |  1.634e-03 | 7.868e-06 | 1 | 0.500000
 138  | 1.798329 |  0.581544 | 2.780694e-03 | -2.265e-03 | -1.613e-03 | 7.732e-06 | 1 | 0.500000
 139  | 1.801523 |  0.583826 | 2.759506e-03 |  2.243e-03 |  1.608e-03 | 7.615e-06 | 1 | 0.500000
 140  | 1.798355 |  0.581563 | 2.735567e-03 | -2.228e-03 | -1.587e-03 | 7.483e-06 | 1 | 0.500000
 141  | 1.801497 |  0.583808 | 2.714700e-03 |  2.206e-03 |  1.582e-03 | 7.370e-06 | 1 | 0.500000
 142  | 1.798381 |  0.581581 | 2.691173e-03 | -2.192e-03 | -1.561e-03 | 7.242e-06 | 1 | 0.500000
 143  | 1.801472 |  0.583790 | 2.670622e-03 |  2.171e-03 |  1.556e-03 | 7.132e-06 | 1 | 0.500000
 144  | 1.798406 |  0.581599 | 2.647500e-03 | -2.156e-03 | -1.536e-03 | 7.009e-06 | 1 | 0.500000
 145  | 1.801446 |  0.583772 | 2.627262e-03 |  2.135e-03 |  1.531e-03 | 6.903e-06 | 1 | 0.500000
 146  | 1.798430 |  0.581617 | 2.604537e-03 | -2.121e-03 | -1.511e-03 | 6.784e-06 | 1 | 0.500000
 147  | 1.801422 |  0.583755 | 2.584606e-03 |  2.101e-03 |  1.506e-03 | 6.680e-06 | 1 | 0.500000
 148  | 1.798455 |  0.581635 | 2.562272e-03 | -2.087e-03 | -1.487e-03 | 6.565e-06 | 1 | 0.500000
 149  | 1.801398 |  0.583738 | 2.542645e-03 |  2.067e-03 |  1.481e-03 | 6.465e-06 | 1 | 0.500000
 150  | 1.798479 |  0.581652 | 2.520694e-03 | -2.053e-03 | -1.463e-03 | 6.354e-06 | 1 | 0.500000
 151  | 1.801374 |  0.583721 | 2.501365e-03 |  2.033e-03 |  1.457e-03 | 6.257e-06 | 1 | 0.500000
 152  | 1.798502 |  0.581669 | 2.479791e-03 | -2.020e-03 | -1.439e-03 | 6.149e-06 | 1 | 0.500000
 153  | 1.801350 |  0.583704 | 2.460757e-03 |  2.000e-03 |  1.433e-03 | 6.055e-06 | 1 | 0.500000
 154  | 1.798525 |  0.581685 | 2.439552e-03 | -1.987e-03 | -1.416e-03 | 5.951e-06 | 1 | 0.500000
 155  | 1.801327 |  0.583688 | 2.420809e-03 |  1.968e-03 |  1.410e-03 | 5.860e-06 | 1 | 0.500000
 156  | 1.798548 |  0.581702 | 2.399967e-03 | -1.955e-03 | -1.393e-03 | 5.760e-06 | 1 | 0.500000
 157  | 1.801304 |  0.583672 | 2.381510e-03 |  1.936e-03 |  1.387e-03 | 5.672e-06 | 1 | 0.500000
 158  | 1.798570 |  0.581718 | 2.361025e-03 | -1.923e-03 | -1.370e-03 | 5.574e-06 | 1 | 0.500000
 159  | 1.801282 |  0.583656 | 2.342851e-03 |  1.904e-03 |  1.365e-03 | 5.489e-06 | 1 | 0.500000
 160  | 1.798592 |  0.581734 | 2.322716e-03 | -1.892e-03 | -1.348e-03 | 5.395e-06 | 1 | 0.500000
 161  | 1.801260 |  0.583640 | 2.304819e-03 |  1.873e-03 |  1.342e-03 | 5.312e-06 | 1 | 0.500000
 162  | 1.798614 |  0.581749 | 2.285028e-03 | -1.861e-03 | -1.326e-03 | 5.221e-06 | 1 | 0.500000
 163  | 1.801238 |  0.583625 | 2.267406e-03 |  1.843e-03 |  1.321e-03 | 5.141e-06 | 1 | 0.500000
 164  | 1.798635 |  0.581765 | 2.247953e-03 | -1.831e-03 | -1.305e-03 | 5.053e-06 | 1 | 0.500000
 165  | 1.801217 |  0.583610 | 2.230601e-03 |  1.813e-03 |  1.299e-03 | 4.976e-06 | 1 | 0.500000
 166  | 1.798656 |  0.581780 | 2.211480e-03 | -1.801e-03 | -1.283e-03 | 4.891e-06 | 1 | 0.500000
 167  | 1.801196 |  0.583595 | 2.194395e-03 |  1.784e-03 |  1.278e-03 | 4.815e-06 | 1 | 0.500000
 168  | 1.798677 |  0.581795 | 2.175599e-03 | -1.772e-03 | -1.263e-03 | 4.733e-06 | 1 | 0.500000
 169  | 1.801176 |  0.583580 | 2.158776e-03 |  1.755e-03 |  1.257e-03 | 4.660e-06 | 1 | 0.500000
 170  | 1.798697 |  0.581809 | 2.140301e-03 | -1.743e-03 | -1.242e-03 | 4.581e-06 | 1 | 0.500000
 171  | 1.801155 |  0.583566 | 2.123737e-03 |  1.726e-03 |  1.237e-03 | 4.510e-06 | 1 | 0.500000
 172  | 1.798717 |  0.581824 | 2.105575e-03 | -1.715e-03 | -1.222e-03 | 4.433e-06 | 1 | 0.500000
 173  | 1.801135 |  0.583552 | 2.089267e-03 |  1.698e-03 |  1.217e-03 | 4.365e-06 | 1 | 0.500000
 174  | 1.798737 |  0.581838 | 2.071414e-03 | -1.687e-03 | -1.202e-03 | 4.291e-06 | 1 | 0.500000
 175  | 1.801116 |  0.583538 | 2.055357e-03 |  1.671e-03 |  1.197e-03 | 4.224e-06 | 1 | 0.500000
 176  | 1.798756 |  0.581852 | 2.037807e-03 | -1.659e-03 | -1.183e-03 | 4.153e-06 | 1 | 0.500000
 177  | 1.801096 |  0.583524 | 2.021998e-03 |  1.644e-03 |  1.177e-03 | 4.088e-06 | 1 | 0.500000
 178  | 1.798775 |  0.581865 | 2.004746e-03 | -1.632e-03 | -1.164e-03 | 4.019e-06 | 1 | 0.500000
 179  | 1.801078 |  0.583511 | 1.989180e-03 |  1.617e-03 |  1.158e-03 | 3.957e-06 | 1 | 0.500000
 180  | 1.798794 |  0.581879 | 1.972222e-03 | -1.606e-03 | -1.145e-03 | 3.890e-06 | 1 | 0.500000
 181  | 1.801059 |  0.583498 | 1.956897e-03 |  1.591e-03 |  1.140e-03 | 3.829e-06 | 1 | 0.500000
 182  | 1.798812 |  0.581892 | 1.940225e-03 | -1.580e-03 | -1.126e-03 | 3.764e-06 | 1 | 0.500000
 183  | 1.801040 |  0.583484 | 1.925137e-03 |  1.565e-03 |  1.121e-03 | 3.706e-06 | 1 | 0.500000
 184  | 1.798830 |  0.581905 | 1.908748e-03 | -1.554e-03 | -1.108e-03 | 3.643e-06 | 1 | 0.500000
 185  | 1.801022 |  0.583472 | 1.893894e-03 |  1.540e-03 |  1.103e-03 | 3.587e-06 | 1 | 0.500000
 186  | 1.798848 |  0.581918 | 1.877782e-03 | -1.529e-03 | -1.090e-03 | 3.526e-06 | 1 | 0.500000
 187  | 1.801005 |  0.583459 | 1.863158e-03 |  1.515e-03 |  1.085e-03 | 3.471e-06 | 1 | 0.500000
 188  | 1.798866 |  0.581931 | 1.847319e-03 | -1.504e-03 | -1.072e-03 | 3.413e-06 | 1 | 0.500000
 189  | 1.800987 |  0.583447 | 1.832921e-03 |  1.490e-03 |  1.067e-03 | 3.360e-06 | 1 | 0.500000
 190  | 1.798883 |  0.581943 | 1.817350e-03 | -1.480e-03 | -1.055e-03 | 3.303e-06 | 1 | 0.500000
 191  | 1.800970 |  0.583434 | 1.803175e-03 |  1.466e-03 |  1.050e-03 | 3.251e-06 | 1 | 0.500000
 192  | 1.798900 |  0.581955 | 1.787867e-03 | -1.456e-03 | -1.038e-03 | 3.196e-06 | 1 | 0.500000
 193  | 1.800953 |  0.583422 | 1.773913e-03 |  1.442e-03 |  1.033e-03 | 3.147e-06 | 1 | 0.500000
 194  | 1.798916 |  0.581967 | 1.758863e-03 | -1.432e-03 | -1.021e-03 | 3.094e-06 | 1 | 0.500000
 195  | 1.800936 |  0.583411 | 1.745126e-03 |  1.419e-03 |  1.016e-03 | 3.045e-06 | 1 | 0.500000
 196  | 1.798933 |  0.581979 | 1.730330e-03 | -1.409e-03 | -1.005e-03 | 2.994e-06 | 1 | 0.500000
 197  | 1.800920 |  0.583399 | 1.716806e-03 |  1.396e-03 |  9.995e-04 | 2.947e-06 | 1 | 0.500000
 198  | 1.798949 |  0.581991 | 1.702260e-03 | -1.386e-03 | -9.883e-04 | 2.898e-06 | 1 | 0.500000
 199  | 1.800904 |  0.583388 | 1.688946e-03 |  1.373e-03 |  9.833e-04 | 2.853e-06 | 1 | 0.500000
 200  | 1.798965 |  0.582002 | 1.674645e-03 | -1.363e-03 | -9.723e-04 | 2.804e-06 | 1 | 0.500000
 201  | 1.800888 |  0.583376 | 1.661539e-03 |  1.351e-03 |  9.673e-04 | 2.761e-06 | 1 | 0.500000
 202  | 1.798981 |  0.582013 | 1.647479e-03 | -1.341e-03 | -9.566e-04 | 2.714e-06 | 1 | 0.500000
 203  | 1.800873 |  0.583365 | 1.634577e-03 |  1.329e-03 |  9.516e-04 | 2.672e-06 | 1 | 0.500000
 204  | 1.798996 |  0.582024 | 1.620753e-03 | -1.320e-03 | -9.411e-04 | 2.627e-06 | 1 | 0.500000
 205  | 1.800857 |  0.583354 | 1.608053e-03 |  1.307e-03 |  9.361e-04 | 2.586e-06 | 1 | 0.500000
 206  | 1.799011 |  0.582035 | 1.594462e-03 | -1.298e-03 | -9.258e-04 | 2.542e-06 | 1 | 0.500000
 207  | 1.800842 |  0.583344 | 1.581959e-03 |  1.286e-03 |  9.209e-04 | 2.503e-06 | 1 | 0.500000
 208  | 1.799026 |  0.582046 | 1.568597e-03 | -1.277e-03 | -9.108e-04 | 2.460e-06 | 1 | 0.500000
 209  | 1.800827 |  0.583333 | 1.556289e-03 |  1.265e-03 |  9.059e-04 | 2.422e-06 | 1 | 0.500000
 210  | 1.799041 |  0.582056 | 1.543151e-03 | -1.256e-03 | -8.961e-04 | 2.381e-06 | 1 | 0.500000
 211  | 1.800813 |  0.583323 | 1.531036e-03 |  1.245e-03 |  8.912e-04 | 2.344e-06 | 1 | 0.500000
 212  | 1.799055 |  0.582067 | 1.518119e-03 | -1.236e-03 | -8.816e-04 | 2.305e-06 | 1 | 0.500000
 213  | 1.800798 |  0.583313 | 1.506193e-03 |  1.225e-03 |  8.767e-04 | 2.269e-06 | 1 | 0.500000
 214  | 1.799069 |  0.582077 | 1.493492e-03 | -1.216e-03 | -8.673e-04 | 2.231e-06 | 1 | 0.500000
 215  | 1.800784 |  0.583303 | 1.481753e-03 |  1.205e-03 |  8.625e-04 | 2.196e-06 | 1 | 0.500000
 216  | 1.799083 |  0.582087 | 1.469266e-03 | -1.196e-03 | -8.532e-04 | 2.159e-06 | 1 | 0.500000
 217  | 1.800770 |  0.583293 | 1.457710e-03 |  1.185e-03 |  8.485e-04 | 2.125e-06 | 1 | 0.500000
 218  | 1.799097 |  0.582097 | 1.445432e-03 | -1.177e-03 | -8.394e-04 | 2.089e-06 | 1 | 0.500000
 219  | 1.800757 |  0.583283 | 1.434058e-03 |  1.166e-03 |  8.347e-04 | 2.057e-06 | 1 | 0.500000
 220  | 1.799110 |  0.582106 | 1.421985e-03 | -1.158e-03 | -8.258e-04 | 2.022e-06 | 1 | 0.500000
 221  | 1.800743 |  0.583273 | 1.410789e-03 |  1.147e-03 |  8.211e-04 | 1.990e-06 | 1 | 0.500000
 222  | 1.799124 |  0.582116 | 1.398919e-03 | -1.139e-03 | -8.124e-04 | 1.957e-06 | 1 | 0.500000
 223  | 1.800730 |  0.583264 | 1.387898e-03 |  1.129e-03 |  8.078e-04 | 1.926e-06 | 1 | 0.500000
 224  | 1.799137 |  0.582125 | 1.376227e-03 | -1.120e-03 | -7.993e-04 | 1.894e-06 | 1 | 0.500000
 225  | 1.800717 |  0.583255 | 1.365379e-03 |  1.110e-03 |  7.947e-04 | 1.864e-06 | 1 | 0.500000
 226  | 1.799149 |  0.582135 | 1.353903e-03 | -1.102e-03 | -7.863e-04 | 1.833e-06 | 1 | 0.500000
 227  | 1.800704 |  0.583246 | 1.343225e-03 |  1.092e-03 |  7.818e-04 | 1.804e-06 | 1 | 0.500000
 228  | 1.799162 |  0.582144 | 1.331941e-03 | -1.084e-03 | -7.736e-04 | 1.774e-06 | 1 | 0.500000
 229  | 1.800692 |  0.583237 | 1.321431e-03 |  1.075e-03 |  7.691e-04 | 1.746e-06 | 1 | 0.500000
 230  | 1.799174 |  0.582153 | 1.310336e-03 | -1.067e-03 | -7.610e-04 | 1.717e-06 | 1 | 0.500000
 231  | 1.800679 |  0.583228 | 1.299991e-03 |  1.057e-03 |  7.566e-04 | 1.690e-06 | 1 | 0.500000
 232  | 1.799187 |  0.582161 | 1.289081e-03 | -1.049e-03 | -7.487e-04 | 1.662e-06 | 1 | 0.500000
 233  | 1.800667 |  0.583219 | 1.278899e-03 |  1.040e-03 |  7.443e-04 | 1.636e-06 | 1 | 0.500000
 234  | 1.799199 |  0.582170 | 1.268171e-03 | -1.032e-03 | -7.366e-04 | 1.608e-06 | 1 | 0.500000
 235  | 1.800655 |  0.583211 | 1.258149e-03 |  1.023e-03 |  7.322e-04 | 1.583e-06 | 1 | 0.500000
 236  | 1.799211 |  0.582179 | 1.247600e-03 | -1.016e-03 | -7.246e-04 | 1.557e-06 | 1 | 0.500000
 237  | 1.800643 |  0.583202 | 1.237736e-03 |  1.007e-03 |  7.203e-04 | 1.532e-06 | 1 | 0.500000
 238  | 1.799222 |  0.582187 | 1.227363e-03 | -9.991e-04 | -7.129e-04 | 1.506e-06 | 1 | 0.500000
 239  | 1.800632 |  0.583194 | 1.217654e-03 |  9.902e-04 |  7.086e-04 | 1.483e-06 | 1 | 0.500000
 240  | 1.799234 |  0.582195 | 1.207455e-03 | -9.829e-04 | -7.013e-04 | 1.458e-06 | 1 | 0.500000
 241  | 1.800620 |  0.583186 | 1.197899e-03 |  9.742e-04 |  6.971e-04 | 1.435e-06 | 1 | 0.500000
 242  | 1.799245 |  0.582203 | 1.187869e-03 | -9.669e-04 | -6.900e-04 | 1.411e-06 | 1 | 0.500000
 243  | 1.800609 |  0.583178 | 1.178464e-03 |  9.584e-04 |  6.858e-04 | 1.389e-06 | 1 | 0.500000
 244  | 1.799256 |  0.582211 | 1.168601e-03 | -9.513e-04 | -6.788e-04 | 1.366e-06 | 1 | 0.500000
 245  | 1.800598 |  0.583170 | 1.159344e-03 |  9.428e-04 |  6.747e-04 | 1.344e-06 | 1 | 0.500000
 246  | 1.799267 |  0.582219 | 1.149646e-03 | -9.358e-04 | -6.678e-04 | 1.322e-06 | 1 | 0.500000
 247  | 1.800587 |  0.583162 | 1.140535e-03 |  9.275e-04 |  6.637e-04 | 1.301e-06 | 1 | 0.500000
 248  | 1.799278 |  0.582227 | 1.130998e-03 | -9.206e-04 | -6.570e-04 | 1.279e-06 | 1 | 0.500000
 249  | 1.800577 |  0.583155 | 1.122031e-03 |  9.125e-04 |  6.529e-04 | 1.259e-06 | 1 | 0.500000
 250  | 1.799288 |  0.582234 | 1.112653e-03 | -9.057e-04 | -6.463e-04 | 1.238e-06 | 1 | 0.500000
 251  | 1.800566 |  0.583147 | 1.103827e-03 |  8.977e-04 |  6.423e-04 | 1.218e-06 | 1 | 0.500000
 252  | 1.799299 |  0.582242 | 1.094605e-03 | -8.910e-04 | -6.358e-04 | 1.198e-06 | 1 | 0.500000
 253  | 1.800556 |  0.583140 | 1.085919e-03 |  8.831e-04 |  6.319e-04 | 1.179e-06 | 1 | 0.500000
 254  | 1.799309 |  0.582249 | 1.076850e-03 | -8.765e-04 | -6.255e-04 | 1.160e-06 | 1 | 0.500000
 255  | 1.800546 |  0.583133 | 1.068301e-03 |  8.688e-04 |  6.216e-04 | 1.141e-06 | 1 | 0.500000
 256  | 1.799319 |  0.582256 | 1.059383e-03 | -8.623e-04 | -6.154e-04 | 1.122e-06 | 1 | 0.500000
 257  | 1.800536 |  0.583126 | 1.050970e-03 |  8.547e-04 |  6.115e-04 | 1.105e-06 | 1 | 0.500000
 258  | 1.799329 |  0.582263 | 1.042200e-03 | -8.483e-04 | -6.054e-04 | 1.086e-06 | 1 | 0.500000
 259  | 1.800526 |  0.583119 | 1.033919e-03 |  8.409e-04 |  6.016e-04 | 1.069e-06 | 1 | 0.500000
 260  | 1.799339 |  0.582270 | 1.025295e-03 | -8.346e-04 | -5.956e-04 | 1.051e-06 | 1 | 0.500000
 261  | 1.800516 |  0.583112 | 1.017145e-03 |  8.272e-04 |  5.918e-04 | 1.035e-06 | 1 | 0.500000
 262  | 1.799348 |  0.582277 | 1.008665e-03 | -8.210e-04 | -5.860e-04 | 1.017e-06 | 1 | 0.500000
 263  | 1.800506 |  0.583105 | 1.000644e-03 |  8.138e-04 |  5.822e-04 | 1.001e-06 | 1 | 0.500000
 264  | 1.799358 |  0.582284 | 9.923039e-04 | -8.077e-04 | -5.765e-04 | 9.847e-07 | 1 | 0.500000
 265  | 1.800497 |  0.583098 | 9.844103e-04 |  8.006e-04 |  5.728e-04 | 9.691e-07 | 1 | 0.500000
 266  | 1.799367 |  0.582291 | 9.762086e-04 | -7.946e-04 | -5.671e-04 | 9.530e-07 | 1 | 0.500000
 267  | 1.800488 |  0.583092 | 9.684400e-04 |  7.876e-04 |  5.635e-04 | 9.379e-07 | 1 | 0.500000
 268  | 1.799376 |  0.582297 | 9.603743e-04 | -7.817e-04 | -5.579e-04 | 9.223e-07 | 1 | 0.500000
 269  | 1.800479 |  0.583085 | 9.527289e-04 |  7.749e-04 |  5.543e-04 | 9.077e-07 | 1 | 0.500000
 270  | 1.799385 |  0.582304 | 9.447970e-04 | -7.690e-04 | -5.489e-04 | 8.926e-07 | 1 | 0.500000
 271  | 1.800470 |  0.583079 | 9.372728e-04 |  7.623e-04 |  5.453e-04 | 8.785e-07 | 1 | 0.500000
 272  | 1.799394 |  0.582310 | 9.294723e-04 | -7.565e-04 | -5.400e-04 | 8.639e-07 | 1 | 0.500000
 273  | 1.800461 |  0.583073 | 9.220675e-04 |  7.499e-04 |  5.365e-04 | 8.502e-07 | 1 | 0.500000
 274  | 1.799402 |  0.582316 | 9.143962e-04 | -7.443e-04 | -5.312e-04 | 8.361e-07 | 1 | 0.500000
 275  | 1.800452 |  0.583067 | 9.071089e-04 |  7.378e-04 |  5.278e-04 | 8.228e-07 | 1 | 0.500000
 276  | 1.799411 |  0.582322 | 8.995647e-04 | -7.322e-04 | -5.226e-04 | 8.092e-07 | 1 | 0.500000
 277  | 1.800444 |  0.583060 | 8.923930e-04 |  7.258e-04 |  5.192e-04 | 7.964e-07 | 1 | 0.500000
 278  | 1.799419 |  0.582328 | 8.849737e-04 | -7.203e-04 | -5.142e-04 | 7.832e-07 | 1 | 0.500000
 279  | 1.800436 |  0.583054 | 8.779160e-04 |  7.140e-04 |  5.108e-04 | 7.707e-07 | 1 | 0.500000
 280  | 1.799428 |  0.582334 | 8.706195e-04 | -7.086e-04 | -5.058e-04 | 7.580e-07 | 1 | 0.500000
 281  | 1.800427 |  0.583049 | 8.636738e-04 |  7.025e-04 |  5.025e-04 | 7.459e-07 | 1 | 0.500000
 282  | 1.799436 |  0.582340 | 8.564981e-04 | -6.971e-04 | -4.976e-04 | 7.336e-07 | 1 | 0.500000
 283  | 1.800419 |  0.583043 | 8.496628e-04 |  6.911e-04 |  4.943e-04 | 7.219e-07 | 1 | 0.500000
 284  | 1.799444 |  0.582346 | 8.426057e-04 | -6.858e-04 | -4.896e-04 | 7.100e-07 | 1 | 0.500000
 285  | 1.800411 |  0.583037 | 8.358791e-04 |  6.799e-04 |  4.863e-04 | 6.987e-07 | 1 | 0.500000
 286  | 1.799452 |  0.582351 | 8.289387e-04 | -6.747e-04 | -4.816e-04 | 6.871e-07 | 1 | 0.500000
 287  | 1.800404 |  0.583032 | 8.223191e-04 |  6.688e-04 |  4.784e-04 | 6.762e-07 | 1 | 0.500000
 288  | 1.799459 |  0.582357 | 8.154934e-04 | -6.637e-04 | -4.738e-04 | 6.650e-07 | 1 | 0.500000
 289  | 1.800396 |  0.583026 | 8.089790e-04 |  6.580e-04 |  4.706e-04 | 6.544e-07 | 1 | 0.500000
 290  | 1.799467 |  0.582362 | 8.022662e-04 | -6.530e-04 | -4.661e-04 | 6.436e-07 | 1 | 0.500000
 291  | 1.800388 |  0.583021 | 7.958555e-04 |  6.473e-04 |  4.630e-04 | 6.334e-07 | 1 | 0.500000
 292  | 1.799474 |  0.582368 | 7.892536e-04 | -6.424e-04 | -4.586e-04 | 6.229e-07 | 1 | 0.500000
 293  | 1.800381 |  0.583015 | 7.829449e-04 |  6.368e-04 |  4.555e-04 | 6.130e-07 | 1 | 0.500000
 294  | 1.799482 |  0.582373 | 7.764520e-04 | -6.319e-04 | -4.511e-04 | 6.029e-07 | 1 | 0.500000
 295  | 1.800374 |  0.583010 | 7.702437e-04 |  6.265e-04 |  4.481e-04 | 5.933e-07 | 1 | 0.500000
 296  | 1.799489 |  0.582378 | 7.638581e-04 | -6.217e-04 | -4.438e-04 | 5.835e-07 | 1 | 0.500000
 297  | 1.800366 |  0.583005 | 7.577487e-04 |  6.163e-04 |  4.408e-04 | 5.742e-07 | 1 | 0.500000
 298  | 1.799496 |  0.582383 | 7.514684e-04 | -6.116e-04 | -4.366e-04 | 5.647e-07 | 1 | 0.500000
 299  | 1.800359 |  0.583000 | 7.454564e-04 |  6.063e-04 |  4.337e-04 | 5.557e-07 | 1 | 0.500000
 300  | 1.799503 |  0.582388 | 7.392797e-04 | -6.017e-04 | -4.296e-04 | 5.465e-07 | 1 | 0.500000
 301  | 1.800352 |  0.582995 | 7.333635e-04 |  5.965e-04 |  4.266e-04 | 5.378e-07 | 1 | 0.500000
 302  | 1.799510 |  0.582393 | 7.272888e-04 | -5.919e-04 | -4.226e-04 | 5.289e-07 | 1 | 0.500000
 303  | 1.800345 |  0.582990 | 7.214668e-04 |  5.868e-04 |  4.197e-04 | 5.205e-07 | 1 | 0.500000
 304  | 1.799517 |  0.582398 | 7.154923e-04 | -5.823e-04 | -4.157e-04 | 5.119e-07 | 1 | 0.500000
 305  | 1.800339 |  0.582985 | 7.097632e-04 |  5.773e-04 |  4.129e-04 | 5.038e-07 | 1 | 0.500000
 306  | 1.799524 |  0.582403 | 7.038871e-04 | -5.729e-04 | -4.090e-04 | 4.955e-07 | 1 | 0.500000
 307  | 1.800332 |  0.582981 | 6.982494e-04 |  5.679e-04 |  4.062e-04 | 4.876e-07 | 1 | 0.500000
 308  | 1.799530 |  0.582408 | 6.924703e-04 | -5.636e-04 | -4.024e-04 | 4.795e-07 | 1 | 0.500000
 309  | 1.800325 |  0.582976 | 6.869225e-04 |  5.587e-04 |  3.996e-04 | 4.719e-07 | 1 | 0.500000
 310  | 1.799537 |  0.582412 | 6.812386e-04 | -5.544e-04 | -3.959e-04 | 4.641e-07 | 1 | 0.500000
 311  | 1.800319 |  0.582971 | 6.757793e-04 |  5.497e-04 |  3.931e-04 | 4.567e-07 | 1 | 0.500000
 312  | 1.799543 |  0.582417 | 6.701890e-04 | -5.454e-04 | -3.894e-04 | 4.492e-07 | 1 | 0.500000
 313  | 1.800313 |  0.582967 | 6.648169e-04 |  5.408e-04 |  3.867e-04 | 4.420e-07 | 1 | 0.500000
 314  | 1.799549 |  0.582421 | 6.593187e-04 | -5.366e-04 | -3.831e-04 | 4.347e-07 | 1 | 0.500000
 315  | 1.800306 |  0.582962 | 6.540324e-04 |  5.320e-04 |  3.804e-04 | 4.278e-07 | 1 | 0.500000
 316  | 1.799555 |  0.582426 | 6.486248e-04 | -5.279e-04 | -3.769e-04 | 4.207e-07 | 1 | 0.500000
 317  | 1.800300 |  0.582958 | 6.434229e-04 |  5.234e-04 |  3.743e-04 | 4.140e-07 | 1 | 0.500000
 318  | 1.799562 |  0.582430 | 6.381042e-04 | -5.193e-04 | -3.708e-04 | 4.072e-07 | 1 | 0.500000
 319  | 1.800294 |  0.582954 | 6.329854e-04 |  5.149e-04 |  3.682e-04 | 4.007e-07 | 1 | 0.500000
 320  | 1.799567 |  0.582434 | 6.277544e-04 | -5.109e-04 | -3.648e-04 | 3.941e-07 | 1 | 0.500000
 321  | 1.800288 |  0.582950 | 6.227174e-04 |  5.065e-04 |  3.622e-04 | 3.878e-07 | 1 | 0.500000
 322  | 1.799573 |  0.582439 | 6.175724e-04 | -5.026e-04 | -3.589e-04 | 3.814e-07 | 1 | 0.500000
 323  | 1.800283 |  0.582945 | 6.126159e-04 |  4.983e-04 |  3.563e-04 | 3.753e-07 | 1 | 0.500000
 324  | 1.799579 |  0.582443 | 6.075555e-04 | -4.944e-04 | -3.531e-04 | 3.691e-07 | 1 | 0.500000
 325  | 1.800277 |  0.582941 | 6.026783e-04 |  4.902e-04 |  3.506e-04 | 3.632e-07 | 1 | 0.500000
 326  | 1.799585 |  0.582447 | 5.977011e-04 | -4.864e-04 | -3.473e-04 | 3.572e-07 | 1 | 0.500000
 327  | 1.800271 |  0.582937 | 5.929019e-04 |  4.823e-04 |  3.449e-04 | 3.515e-07 | 1 | 0.500000
 328  | 1.799590 |  0.582451 | 5.880066e-04 | -4.785e-04 | -3.417e-04 | 3.458e-07 | 1 | 0.500000
 329  | 1.800266 |  0.582933 | 5.832841e-04 |  4.745e-04 |  3.393e-04 | 3.402e-07 | 1 | 0.500000
 330  | 1.799596 |  0.582455 | 5.784693e-04 | -4.708e-04 | -3.362e-04 | 3.346e-07 | 1 | 0.500000
 331  | 1.800260 |  0.582929 | 5.738224e-04 |  4.668e-04 |  3.338e-04 | 3.293e-07 | 1 | 0.500000
 332  | 1.799601 |  0.582459 | 5.690867e-04 | -4.631e-04 | -3.307e-04 | 3.239e-07 | 1 | 0.500000
 333  | 1.800255 |  0.582926 | 5.645141e-04 |  4.592e-04 |  3.284e-04 | 3.187e-07 | 1 | 0.500000
 334  | 1.799607 |  0.582462 | 5.598563e-04 | -4.556e-04 | -3.254e-04 | 3.134e-07 | 1 | 0.500000
 335  | 1.800250 |  0.582922 | 5.553569e-04 |  4.517e-04 |  3.230e-04 | 3.084e-07 | 1 | 0.500000
 336  | 1.799612 |  0.582466 | 5.507756e-04 | -4.482e-04 | -3.201e-04 | 3.034e-07 | 1 | 0.500000
 337  | 1.800244 |  0.582918 | 5.463482e-04 |  4.444e-04 |  3.178e-04 | 2.985e-07 | 1 | 0.500000
 338  | 1.799617 |  0.582470 | 5.418422e-04 | -4.410e-04 | -3.149e-04 | 2.936e-07 | 1 | 0.500000
 339  | 1.800239 |  0.582914 | 5.374857e-04 |  4.372e-04 |  3.126e-04 | 2.889e-07 | 1 | 0.500000
 340  | 1.799622 |  0.582473 | 5.330537e-04 | -4.338e-04 | -3.098e-04 | 2.841e-07 | 1 | 0.500000
 341  | 1.800234 |  0.582911 | 5.287670e-04 |  4.301e-04 |  3.076e-04 | 2.796e-07 | 1 | 0.500000
 342  | 1.799627 |  0.582477 | 5.244077e-04 | -4.268e-04 | -3.048e-04 | 2.750e-07 | 1 | 0.500000
 343  | 1.800229 |  0.582907 | 5.201897e-04 |  4.231e-04 |  3.026e-04 | 2.706e-07 | 1 | 0.500000
 344  | 1.799632 |  0.582481 | 5.159020e-04 | -4.198e-04 | -2.998e-04 | 2.662e-07 | 1 | 0.500000
 345  | 1.800224 |  0.582904 | 5.117516e-04 |  4.163e-04 |  2.977e-04 | 2.619e-07 | 1 | 0.500000
 346  | 1.799637 |  0.582484 | 5.075343e-04 | -4.130e-04 | -2.950e-04 | 2.576e-07 | 1 | 0.500000
 347  | 1.800220 |  0.582900 | 5.034503e-04 |  4.095e-04 |  2.928e-04 | 2.535e-07 | 1 | 0.500000
 348  | 1.799641 |  0.582487 | 4.993022e-04 | -4.063e-04 | -2.902e-04 | 2.493e-07 | 1 | 0.500000
 349  | 1.800215 |  0.582897 | 4.952837e-04 |  4.029e-04 |  2.881e-04 | 2.453e-07 | 1 | 0.500000
 350  | 1.799646 |  0.582491 | 4.912037e-04 | -3.997e-04 | -2.855e-04 | 2.413e-07 | 1 | 0.500000
 351  | 1.800210 |  0.582894 | 4.872496e-04 |  3.964e-04 |  2.834e-04 | 2.374e-07 | 1 | 0.500000
 352  | 1.799651 |  0.582494 | 4.832365e-04 | -3.932e-04 | -2.808e-04 | 2.335e-07 | 1 | 0.500000
 353  | 1.800206 |  0.582891 | 4.793459e-04 |  3.899e-04 |  2.788e-04 | 2.298e-07 | 1 | 0.500000
 354  | 1.799655 |  0.582497 | 4.753986e-04 | -3.869e-04 | -2.763e-04 | 2.260e-07 | 1 | 0.500000
 355  | 1.800201 |  0.582887 | 4.715703e-04 |  3.836e-04 |  2.743e-04 | 2.224e-07 | 1 | 0.500000
 356  | 1.799660 |  0.582500 | 4.676878e-04 | -3.806e-04 | -2.718e-04 | 2.187e-07 | 1 | 0.500000
 357  | 1.800197 |  0.582884 | 4.639209e-04 |  3.774e-04 |  2.698e-04 | 2.152e-07 | 1 | 0.500000
 358  | 1.799664 |  0.582504 | 4.601020e-04 | -3.744e-04 | -2.674e-04 | 2.117e-07 | 1 | 0.500000
 359  | 1.800192 |  0.582881 | 4.563956e-04 |  3.713e-04 |  2.654e-04 | 2.083e-07 | 1 | 0.500000
 360  | 1.799668 |  0.582507 | 4.526393e-04 | -3.683e-04 | -2.631e-04 | 2.049e-07 | 1 | 0.500000
 361  | 1.800188 |  0.582878 | 4.489924e-04 |  3.652e-04 |  2.611e-04 | 2.016e-07 | 1 | 0.500000
 362  | 1.799673 |  0.582510 | 4.452977e-04 | -3.624e-04 | -2.588e-04 | 1.983e-07 | 1 | 0.500000
 363  | 1.800184 |  0.582875 | 4.417093e-04 |  3.593e-04 |  2.569e-04 | 1.951e-07 | 1 | 0.500000
 364  | 1.799677 |  0.582513 | 4.380751e-04 | -3.565e-04 | -2.546e-04 | 1.919e-07 | 1 | 0.500000
 365  | 1.800180 |  0.582872 | 4.345443e-04 |  3.535e-04 |  2.527e-04 | 1.888e-07 | 1 | 0.500000
 366  | 1.799681 |  0.582516 | 4.309697e-04 | -3.507e-04 | -2.505e-04 | 1.857e-07 | 1 | 0.500000
 367  | 1.800176 |  0.582869 | 4.274955e-04 |  3.478e-04 |  2.486e-04 | 1.828e-07 | 1 | 0.500000
 368  | 1.799685 |  0.582518 | 4.239795e-04 | -3.450e-04 | -2.464e-04 | 1.798e-07 | 1 | 0.500000
 369  | 1.800172 |  0.582866 | 4.205611e-04 |  3.421e-04 |  2.446e-04 | 1.769e-07 | 1 | 0.500000
 370  | 1.799689 |  0.582521 | 4.171027e-04 | -3.394e-04 | -2.424e-04 | 1.740e-07 | 1 | 0.500000
 371  | 1.800168 |  0.582864 | 4.137392e-04 |  3.366e-04 |  2.406e-04 | 1.712e-07 | 1 | 0.500000
 372  | 1.799693 |  0.582524 | 4.103374e-04 | -3.339e-04 | -2.385e-04 | 1.684e-07 | 1 | 0.500000
 373  | 1.800164 |  0.582861 | 4.070280e-04 |  3.311e-04 |  2.367e-04 | 1.657e-07 | 1 | 0.500000
 374  | 1.799697 |  0.582527 | 4.036819e-04 | -3.285e-04 | -2.346e-04 | 1.630e-07 | 1 | 0.500000
 375  | 1.800160 |  0.582858 | 4.004256e-04 |  3.257e-04 |  2.329e-04 | 1.603e-07 | 1 | 0.500000
 376  | 1.799700 |  0.582530 | 3.971343e-04 | -3.232e-04 | -2.308e-04 | 1.577e-07 | 1 | 0.500000
 377  | 1.800156 |  0.582855 | 3.939304e-04 |  3.205e-04 |  2.291e-04 | 1.552e-07 | 1 | 0.500000
 378  | 1.799704 |  0.582532 | 3.906929e-04 | -3.179e-04 | -2.271e-04 | 1.526e-07 | 1 | 0.500000
 379  | 1.800153 |  0.582853 | 3.875405e-04 |  3.153e-04 |  2.254e-04 | 1.502e-07 | 1 | 0.500000
 380  | 1.799708 |  0.582535 | 3.843560e-04 | -3.128e-04 | -2.234e-04 | 1.477e-07 | 1 | 0.500000
 381  | 1.800149 |  0.582850 | 3.812542e-04 |  3.101e-04 |  2.217e-04 | 1.454e-07 | 1 | 0.500000
 382  | 1.799711 |  0.582537 | 3.781218e-04 | -3.077e-04 | -2.198e-04 | 1.430e-07 | 1 | 0.500000
 383  | 1.800146 |  0.582848 | 3.750699e-04 |  3.051e-04 |  2.181e-04 | 1.407e-07 | 1 | 0.500000
 384  | 1.799715 |  0.582540 | 3.719888e-04 | -3.027e-04 | -2.162e-04 | 1.384e-07 | 1 | 0.500000
 385  | 1.800142 |  0.582845 | 3.689860e-04 |  3.002e-04 |  2.146e-04 | 1.362e-07 | 1 | 0.500000
 386  | 1.799718 |  0.582542 | 3.659553e-04 | -2.978e-04 | -2.127e-04 | 1.339e-07 | 1 | 0.500000
 387  | 1.800139 |  0.582843 | 3.630007e-04 |  2.953e-04 |  2.111e-04 | 1.318e-07 | 1 | 0.500000
 388  | 1.799722 |  0.582545 | 3.600196e-04 | -2.930e-04 | -2.093e-04 | 1.296e-07 | 1 | 0.500000
 389  | 1.800135 |  0.582840 | 3.571126e-04 |  2.905e-04 |  2.077e-04 | 1.275e-07 | 1 | 0.500000
 390  | 1.799725 |  0.582547 | 3.541802e-04 | -2.882e-04 | -2.059e-04 | 1.254e-07 | 1 | 0.500000
 391  | 1.800132 |  0.582838 | 3.513199e-04 |  2.858e-04 |  2.043e-04 | 1.234e-07 | 1 | 0.500000
 392  | 1.799728 |  0.582550 | 3.484355e-04 | -2.835e-04 | -2.025e-04 | 1.214e-07 | 1 | 0.500000
 393  | 1.800129 |  0.582836 | 3.456213e-04 |  2.812e-04 |  2.010e-04 | 1.195e-07 | 1 | 0.500000
 394  | 1.799732 |  0.582552 | 3.427840e-04 | -2.789e-04 | -1.992e-04 | 1.175e-07 | 1 | 0.500000
 395  | 1.800125 |  0.582833 | 3.400150e-04 |  2.766e-04 |  1.977e-04 | 1.156e-07 | 1 | 0.500000
 396  | 1.799735 |  0.582554 | 3.372241e-04 | -2.744e-04 | -1.960e-04 | 1.137e-07 | 1 | 0.500000
 397  | 1.800122 |  0.582831 | 3.344997e-04 |  2.721e-04 |  1.945e-04 | 1.119e-07 | 1 | 0.500000
 398  | 1.799738 |  0.582556 | 3.317545e-04 | -2.700e-04 | -1.928e-04 | 1.101e-07 | 1 | 0.500000
 399  | 1.800119 |  0.582829 | 3.290739e-04 |  2.677e-04 |  1.914e-04 | 1.083e-07 | 1 | 0.500000
 400  | 1.799741 |  0.582559 | 3.263735e-04 | -2.656e-04 | -1.897e-04 | 1.065e-07 | 1 | 0.500000
 401  | 1.800116 |  0.582827 | 3.237361e-04 |  2.634e-04 |  1.883e-04 | 1.048e-07 | 1 | 0.500000
 402  | 1.799744 |  0.582561 | 3.210798e-04 | -2.613e-04 | -1.866e-04 | 1.031e-07 | 1 | 0.500000
 403  | 1.800113 |  0.582824 | 3.184849e-04 |  2.591e-04 |  1.852e-04 | 1.014e-07 | 1 | 0.500000
 404  | 1.799747 |  0.582563 | 3.158720e-04 | -2.570e-04 | -1.836e-04 | 9.978e-08 | 1 | 0.500000
 405  | 1.800110 |  0.582822 | 3.133188e-04 |  2.549e-04 |  1.822e-04 | 9.817e-08 | 1 | 0.500000
 406  | 1.799750 |  0.582565 | 3.107487e-04 | -2.529e-04 | -1.806e-04 | 9.656e-08 | 1 | 0.500000
 407  | 1.800107 |  0.582820 | 3.082366e-04 |  2.508e-04 |  1.793e-04 | 9.501e-08 | 1 | 0.500000
 408  | 1.799753 |  0.582567 | 3.057084e-04 | -2.488e-04 | -1.777e-04 | 9.346e-08 | 1 | 0.500000
 409  | 1.800104 |  0.582818 | 3.032368e-04 |  2.467e-04 |  1.763e-04 | 9.195e-08 | 1 | 0.500000
 410  | 1.799756 |  0.582569 | 3.007499e-04 | -2.447e-04 | -1.748e-04 | 9.045e-08 | 1 | 0.500000
 411  | 1.800101 |  0.582816 | 2.983181e-04 |  2.427e-04 |  1.735e-04 | 8.899e-08 | 1 | 0.500000
 412  | 1.799759 |  0.582571 | 2.958718e-04 | -2.408e-04 | -1.720e-04 | 8.754e-08 | 1 | 0.500000
 413  | 1.800098 |  0.582814 | 2.934792e-04 |  2.388e-04 |  1.707e-04 | 8.613e-08 | 1 | 0.500000
 414  | 1.799761 |  0.582573 | 2.910729e-04 | -2.369e-04 | -1.692e-04 | 8.472e-08 | 1 | 0.500000
 415  | 1.800096 |  0.582812 | 2.887188e-04 |  2.349e-04 |  1.679e-04 | 8.336e-08 | 1 | 0.500000
 416  | 1.799764 |  0.582575 | 2.863518e-04 | -2.330e-04 | -1.664e-04 | 8.200e-08 | 1 | 0.500000
 417  | 1.800093 |  0.582810 | 2.840356e-04 |  2.311e-04 |  1.652e-04 | 8.068e-08 | 1 | 0.500000
 418  | 1.799767 |  0.582577 | 2.817072e-04 | -2.292e-04 | -1.637e-04 | 7.936e-08 | 1 | 0.500000
 419  | 1.800090 |  0.582808 | 2.794283e-04 |  2.273e-04 |  1.625e-04 | 7.808e-08 | 1 | 0.500000
 420  | 1.799769 |  0.582579 | 2.771380e-04 | -2.255e-04 | -1.611e-04 | 7.681e-08 | 1 | 0.500000
 421  | 1.800088 |  0.582806 | 2.748958e-04 |  2.236e-04 |  1.599e-04 | 7.557e-08 | 1 | 0.500000
 422  | 1.799772 |  0.582581 | 2.726429e-04 | -2.219e-04 | -1.585e-04 | 7.433e-08 | 1 | 0.500000
 423  | 1.800085 |  0.582805 | 2.704369e-04 |  2.200e-04 |  1.573e-04 | 7.314e-08 | 1 | 0.500000
 424  | 1.799775 |  0.582583 | 2.682207e-04 | -2.183e-04 | -1.559e-04 | 7.194e-08 | 1 | 0.500000
 425  | 1.800083 |  0.582803 | 2.660502e-04 |  2.164e-04 |  1.547e-04 | 7.078e-08 | 1 | 0.500000
 426  | 1.799777 |  0.582584 | 2.638702e-04 | -2.147e-04 | -1.534e-04 | 6.963e-08 | 1 | 0.500000
 427  | 1.800080 |  0.582801 | 2.617348e-04 |  2.129e-04 |  1.522e-04 | 6.851e-08 | 1 | 0.500000
 428  | 1.799780 |  0.582586 | 2.595903e-04 | -2.112e-04 | -1.509e-04 | 6.739e-08 | 1 | 0.500000
 429  | 1.800078 |  0.582799 | 2.574893e-04 |  2.095e-04 |  1.497e-04 | 6.630e-08 | 1 | 0.500000
 430  | 1.799782 |  0.582588 | 2.553799e-04 | -2.078e-04 | -1.484e-04 | 6.522e-08 | 1 | 0.500000
 431  | 1.800075 |  0.582798 | 2.533127e-04 |  2.061e-04 |  1.473e-04 | 6.417e-08 | 1 | 0.500000
 432  | 1.799784 |  0.582590 | 2.512377e-04 | -2.044e-04 | -1.460e-04 | 6.312e-08 | 1 | 0.500000
 433  | 1.800073 |  0.582796 | 2.492038e-04 |  2.027e-04 |  1.449e-04 | 6.210e-08 | 1 | 0.500000
 434  | 1.799787 |  0.582591 | 2.471626e-04 | -2.011e-04 | -1.437e-04 | 6.109e-08 | 1 | 0.500000
 435  | 1.800071 |  0.582794 | 2.451616e-04 |  1.994e-04 |  1.426e-04 | 6.010e-08 | 1 | 0.500000
 436  | 1.799789 |  0.582593 | 2.431537e-04 | -1.979e-04 | -1.413e-04 | 5.912e-08 | 1 | 0.500000
 437  | 1.800068 |  0.582793 | 2.411849e-04 |  1.962e-04 |  1.403e-04 | 5.817e-08 | 1 | 0.500000
 438  | 1.799791 |  0.582595 | 2.392098e-04 | -1.946e-04 | -1.390e-04 | 5.722e-08 | 1 | 0.500000
 439  | 1.800066 |  0.582791 | 2.372728e-04 |  1.930e-04 |  1.380e-04 | 5.630e-08 | 1 | 0.500000
 440  | 1.799794 |  0.582596 | 2.353299e-04 | -1.915e-04 | -1.368e-04 | 5.538e-08 | 1 | 0.500000
 441  | 1.800064 |  0.582789 | 2.334241e-04 |  1.899e-04 |  1.357e-04 | 5.449e-08 | 1 | 0.500000
 442  | 1.799796 |  0.582598 | 2.315129e-04 | -1.884e-04 | -1.346e-04 | 5.360e-08 | 1 | 0.500000
 443  | 1.800062 |  0.582788 | 2.296379e-04 |  1.868e-04 |  1.335e-04 | 5.273e-08 | 1 | 0.500000
 444  | 1.799798 |  0.582599 | 2.277578e-04 | -1.853e-04 | -1.324e-04 | 5.187e-08 | 1 | 0.500000
 445  | 1.800059 |  0.582786 | 2.259130e-04 |  1.838e-04 |  1.314e-04 | 5.104e-08 | 1 | 0.500000
 446  | 1.799800 |  0.582601 | 2.240637e-04 | -1.823e-04 | -1.302e-04 | 5.020e-08 | 1 | 0.500000
 447  | 1.800057 |  0.582785 | 2.222486e-04 |  1.808e-04 |  1.292e-04 | 4.939e-08 | 1 | 0.500000
 448  | 1.799802 |  0.582602 | 2.204294e-04 | -1.794e-04 | -1.281e-04 | 4.859e-08 | 1 | 0.500000
 449  | 1.800055 |  0.582783 | 2.186437e-04 |  1.779e-04 |  1.271e-04 | 4.781e-08 | 1 | 0.500000
 450  | 1.799804 |  0.582604 | 2.168541e-04 | -1.765e-04 | -1.261e-04 | 4.703e-08 | 1 | 0.500000
 451  | 1.800053 |  0.582782 | 2.150972e-04 |  1.750e-04 |  1.251e-04 | 4.627e-08 | 1 | 0.500000
 452  | 1.799806 |  0.582605 | 2.133368e-04 | -1.736e-04 | -1.240e-04 | 4.551e-08 | 1 | 0.500000
 453  | 1.800051 |  0.582780 | 2.116082e-04 |  1.722e-04 |  1.230e-04 | 4.478e-08 | 1 | 0.500000
 454  | 1.799808 |  0.582607 | 2.098765e-04 | -1.708e-04 | -1.220e-04 | 4.405e-08 | 1 | 0.500000
 455  | 1.800049 |  0.582779 | 2.081758e-04 |  1.694e-04 |  1.211e-04 | 4.334e-08 | 1 | 0.500000
 456  | 1.799810 |  0.582608 | 2.064723e-04 | -1.680e-04 | -1.200e-04 | 4.263e-08 | 1 | 0.500000
 457  | 1.800047 |  0.582778 | 2.047991e-04 |  1.666e-04 |  1.191e-04 | 4.194e-08 | 1 | 0.500000
 458  | 1.799812 |  0.582610 | 2.031234e-04 | -1.653e-04 | -1.181e-04 | 4.126e-08 | 1 | 0.500000
 459  | 1.800045 |  0.582776 | 2.014772e-04 |  1.639e-04 |  1.172e-04 | 4.059e-08 | 1 | 0.500000
 460  | 1.799814 |  0.582611 | 1.998288e-04 | -1.626e-04 | -1.162e-04 | 3.993e-08 | 1 | 0.500000
 461  | 1.800044 |  0.582775 | 1.982092e-04 |  1.613e-04 |  1.153e-04 | 3.929e-08 | 1 | 0.500000
 462  | 1.799816 |  0.582612 | 1.965876e-04 | -1.600e-04 | -1.143e-04 | 3.865e-08 | 1 | 0.500000
 463  | 1.800042 |  0.582774 | 1.949941e-04 |  1.586e-04 |  1.134e-04 | 3.802e-08 | 1 | 0.500000
 464  | 1.799818 |  0.582614 | 1.933990e-04 | -1.574e-04 | -1.124e-04 | 3.740e-08 | 1 | 0.500000
 465  | 1.800040 |  0.582772 | 1.918313e-04 |  1.561e-04 |  1.115e-04 | 3.680e-08 | 1 | 0.500000
 466  | 1.799820 |  0.582615 | 1.902621e-04 | -1.548e-04 | -1.106e-04 | 3.620e-08 | 1 | 0.500000
 467  | 1.800038 |  0.582771 | 1.887197e-04 |  1.535e-04 |  1.097e-04 | 3.562e-08 | 1 | 0.500000
 468  | 1.799821 |  0.582616 | 1.871761e-04 | -1.523e-04 | -1.088e-04 | 3.503e-08 | 1 | 0.500000
 469  | 1.800036 |  0.582770 | 1.856586e-04 |  1.510e-04 |  1.080e-04 | 3.447e-08 | 1 | 0.500000
 470  | 1.799823 |  0.582617 | 1.841401e-04 | -1.498e-04 | -1.070e-04 | 3.391e-08 | 1 | 0.500000
 471  | 1.800035 |  0.582768 | 1.826471e-04 |  1.486e-04 |  1.062e-04 | 3.336e-08 | 1 | 0.500000
 472  | 1.799825 |  0.582619 | 1.811534e-04 | -1.474e-04 | -1.053e-04 | 3.282e-08 | 1 | 0.500000
 473  | 1.800033 |  0.582767 | 1.796845e-04 |  1.462e-04 |  1.045e-04 | 3.229e-08 | 1 | 0.500000
 474  | 1.799827 |  0.582620 | 1.782152e-04 | -1.450e-04 | -1.036e-04 | 3.176e-08 | 1 | 0.500000
 475  | 1.800031 |  0.582766 | 1.767700e-04 |  1.438e-04 |  1.028e-04 | 3.125e-08 | 1 | 0.500000
 476  | 1.799828 |  0.582621 | 1.753245e-04 | -1.427e-04 | -1.019e-04 | 3.074e-08 | 1 | 0.500000
 477  | 1.800029 |  0.582765 | 1.739027e-04 |  1.415e-04 |  1.011e-04 | 3.024e-08 | 1 | 0.500000
 478  | 1.799830 |  0.582622 | 1.724808e-04 | -1.403e-04 | -1.003e-04 | 2.975e-08 | 1 | 0.500000
 479  | 1.800028 |  0.582764 | 1.710819e-04 |  1.392e-04 |  9.948e-05 | 2.927e-08 | 1 | 0.500000
 480  | 1.799831 |  0.582623 | 1.696832e-04 | -1.381e-04 | -9.864e-05 | 2.879e-08 | 1 | 0.500000
 481  | 1.800026 |  0.582763 | 1.683069e-04 |  1.369e-04 |  9.787e-05 | 2.833e-08 | 1 | 0.500000
 482  | 1.799833 |  0.582624 | 1.669310e-04 | -1.358e-04 | -9.704e-05 | 2.787e-08 | 1 | 0.500000
 483  | 1.800025 |  0.582761 | 1.655769e-04 |  1.347e-04 |  9.628e-05 | 2.742e-08 | 1 | 0.500000
 484  | 1.799835 |  0.582626 | 1.642234e-04 | -1.336e-04 | -9.547e-05 | 2.697e-08 | 1 | 0.500000
 485  | 1.800023 |  0.582760 | 1.628912e-04 |  1.325e-04 |  9.472e-05 | 2.653e-08 | 1 | 0.500000
 486  | 1.799836 |  0.582627 | 1.615597e-04 | -1.315e-04 | -9.392e-05 | 2.610e-08 | 1 | 0.500000
 487  | 1.800022 |  0.582759 | 1.602491e-04 |  1.304e-04 |  9.318e-05 | 2.568e-08 | 1 | 0.500000
 488  | 1.799838 |  0.582628 | 1.589393e-04 | -1.293e-04 | -9.239e-05 | 2.526e-08 | 1 | 0.500000
 489  | 1.800020 |  0.582758 | 1.576498e-04 |  1.283e-04 |  9.167e-05 | 2.485e-08 | 1 | 0.500000
 490  | 1.799839 |  0.582629 | 1.563613e-04 | -1.272e-04 | -9.090e-05 | 2.445e-08 | 1 | 0.500000
 491  | 1.800019 |  0.582757 | 1.550927e-04 |  1.262e-04 |  9.018e-05 | 2.405e-08 | 1 | 0.500000
 492  | 1.799841 |  0.582630 | 1.538251e-04 | -1.252e-04 | -8.942e-05 | 2.366e-08 | 1 | 0.500000
 493  | 1.800017 |  0.582756 | 1.525770e-04 |  1.241e-04 |  8.872e-05 | 2.328e-08 | 1 | 0.500000
 494  | 1.799842 |  0.582631 | 1.513301e-04 | -1.231e-04 | -8.797e-05 | 2.290e-08 | 1 | 0.500000
 495  | 1.800016 |  0.582755 | 1.501022e-04 |  1.221e-04 |  8.728e-05 | 2.253e-08 | 1 | 0.500000
 496  | 1.799843 |  0.582632 | 1.488756e-04 | -1.211e-04 | -8.655e-05 | 2.216e-08 | 1 | 0.500000
 497  | 1.800014 |  0.582754 | 1.476675e-04 |  1.201e-04 |  8.586e-05 | 2.181e-08 | 1 | 0.500000
 498  | 1.799845 |  0.582633 | 1.464608e-04 | -1.192e-04 | -8.514e-05 | 2.145e-08 | 1 | 0.500000
 499  | 1.800013 |  0.582753 | 1.452723e-04 |  1.182e-04 |  8.447e-05 | 2.110e-08 | 1 | 0.500000
 500  | 1.799846 |  0.582634 | 1.440853e-04 | -1.172e-04 | -8.376e-05 | 2.076e-08 | 1 | 0.500000
 501  | 1.800012 |  0.582752 | 1.429159e-04 |  1.163e-04 |  8.310e-05 | 2.042e-08 | 1 | 0.500000
 502  | 1.799848 |  0.582635 | 1.417482e-04 | -1.153e-04 | -8.240e-05 | 2.009e-08 | 1 | 0.500000
 503  | 1.800010 |  0.582751 | 1.405978e-04 |  1.144e-04 |  8.175e-05 | 1.977e-08 | 1 | 0.500000
 504  | 1.799849 |  0.582636 | 1.394491e-04 | -1.135e-04 | -8.107e-05 | 1.945e-08 | 1 | 0.500000
 505  | 1.800009 |  0.582750 | 1.383172e-04 |  1.125e-04 |  8.043e-05 | 1.913e-08 | 1 | 0.500000
 506  | 1.799850 |  0.582637 | 1.371872e-04 | -1.116e-04 | -7.975e-05 | 1.882e-08 | 1 | 0.500000
 507  | 1.800008 |  0.582749 | 1.360737e-04 |  1.107e-04 |  7.912e-05 | 1.852e-08 | 1 | 0.500000
 508  | 1.799851 |  0.582638 | 1.349621e-04 | -1.098e-04 | -7.846e-05 | 1.821e-08 | 1 | 0.500000
 509  | 1.800006 |  0.582748 | 1.338665e-04 |  1.089e-04 |  7.784e-05 | 1.792e-08 | 1 | 0.500000
 510  | 1.799853 |  0.582639 | 1.327730e-04 | -1.080e-04 | -7.719e-05 | 1.763e-08 | 1 | 0.500000
 511  | 1.800005 |  0.582747 | 1.316952e-04 |  1.071e-04 |  7.657e-05 | 1.734e-08 | 1 | 0.500000
 512  | 1.799854 |  0.582639 | 1.306195e-04 | -1.063e-04 | -7.593e-05 | 1.706e-08 | 1 | 0.500000
 513  | 1.800004 |  0.582747 | 1.295591e-04 |  1.054e-04 |  7.533e-05 | 1.679e-08 | 1 | 0.500000
 514  | 1.799855 |  0.582640 | 1.285008e-04 | -1.046e-04 | -7.470e-05 | 1.651e-08 | 1 | 0.500000
 515  | 1.800003 |  0.582746 | 1.274576e-04 |  1.037e-04 |  7.411e-05 | 1.625e-08 | 1 | 0.500000
 516  | 1.799856 |  0.582641 | 1.264166e-04 | -1.029e-04 | -7.349e-05 | 1.598e-08 | 1 | 0.500000
 517  | 1.800002 |  0.582745 | 1.253902e-04 |  1.020e-04 |  7.291e-05 | 1.572e-08 | 1 | 0.500000
 518  | 1.799858 |  0.582642 | 1.243661e-04 | -1.012e-04 | -7.230e-05 | 1.547e-08 | 1 | 0.500000
 519  | 1.800000 |  0.582744 | 1.233563e-04 |  1.004e-04 |  7.173e-05 | 1.522e-08 | 1 | 0.500000
 520  | 1.799859 |  0.582643 | 1.223489e-04 | -9.955e-05 | -7.113e-05 | 1.497e-08 | 1 | 0.500000
 521  | 1.799999 |  0.582743 | 1.213555e-04 |  9.873e-05 |  7.056e-05 | 1.473e-08 | 1 | 0.500000
 522  | 1.799860 |  0.582644 | 1.203644e-04 | -9.794e-05 | -6.997e-05 | 1.449e-08 | 1 | 0.500000
 523  | 1.799998 |  0.582742 | 1.193871e-04 |  9.713e-05 |  6.942e-05 | 1.425e-08 | 1 | 0.500000
 524  | 1.799861 |  0.582644 | 1.184121e-04 | -9.635e-05 | -6.884e-05 | 1.402e-08 | 1 | 0.500000
 525  | 1.799997 |  0.582742 | 1.174506e-04 |  9.556e-05 |  6.829e-05 | 1.379e-08 | 1 | 0.500000
 526  | 1.799862 |  0.582645 | 1.164915e-04 | -9.478e-05 | -6.772e-05 | 1.357e-08 | 1 | 0.500000
 527  | 1.799996 |  0.582741 | 1.155455e-04 |  9.401e-05 |  6.718e-05 | 1.335e-08 | 1 | 0.500000
 528  | 1.799863 |  0.582646 | 1.146020e-04 | -9.325e-05 | -6.662e-05 | 1.313e-08 | 1 | 0.500000
 529  | 1.799995 |  0.582740 | 1.136713e-04 |  9.248e-05 |  6.609e-05 | 1.292e-08 | 1 | 0.500000
 530  | 1.799864 |  0.582647 | 1.127432e-04 | -9.173e-05 | -6.554e-05 | 1.271e-08 | 1 | 0.500000
 531  | 1.799994 |  0.582739 | 1.118275e-04 |  9.098e-05 |  6.502e-05 | 1.251e-08 | 1 | 0.500000
 532  | 1.799865 |  0.582648 | 1.109145e-04 | -9.025e-05 | -6.448e-05 | 1.230e-08 | 1 | 0.500000
 533  | 1.799993 |  0.582739 | 1.100137e-04 |  8.951e-05 |  6.397e-05 | 1.210e-08 | 1 | 0.500000
 534  | 1.799866 |  0.582648 | 1.091155e-04 | -8.878e-05 | -6.343e-05 | 1.191e-08 | 1 | 0.500000
 535  | 1.799992 |  0.582738 | 1.082292e-04 |  8.805e-05 |  6.293e-05 | 1.171e-08 | 1 | 0.500000
 536  | 1.799867 |  0.582649 | 1.073457e-04 | -8.734e-05 | -6.240e-05 | 1.152e-08 | 1 | 0.500000
 537  | 1.799991 |  0.582737 | 1.064737e-04 |  8.663e-05 |  6.191e-05 | 1.134e-08 | 1 | 0.500000
 538  | 1.799868 |  0.582650 | 1.056045e-04 | -8.593e-05 | -6.139e-05 | 1.115e-08 | 1 | 0.500000
 539  | 1.799990 |  0.582736 | 1.047467e-04 |  8.522e-05 |  6.090e-05 | 1.097e-08 | 1 | 0.500000
 540  | 1.799869 |  0.582650 | 1.038916e-04 | -8.453e-05 | -6.040e-05 | 1.079e-08 | 1 | 0.500000
 541  | 1.799989 |  0.582736 | 1.030477e-04 |  8.384e-05 |  5.992e-05 | 1.062e-08 | 1 | 0.500000
 542  | 1.799870 |  0.582651 | 1.022065e-04 | -8.316e-05 | -5.942e-05 | 1.045e-08 | 1 | 0.500000
 543  | 1.799988 |  0.582735 | 1.013762e-04 |  8.248e-05 |  5.894e-05 | 1.028e-08 | 1 | 0.500000
 544  | 1.799871 |  0.582652 | 1.005488e-04 | -8.181e-05 | -5.845e-05 | 1.011e-08 | 1 | 0.500000
 545  | 1.799987 |  0.582734 | 9.973190e-05 |  8.114e-05 |  5.799e-05 | 9.946e-09 | 1 | 0.500000
 546  | 1.799872 |  0.582652 | 9.891787e-05 | -8.049e-05 | -5.751e-05 | 9.785e-09 | 1 | 0.500000
 547  | 1.799986 |  0.582734 | 9.811423e-05 |  7.982e-05 |  5.705e-05 | 9.626e-09 | 1 | 0.500000
 548  | 1.799873 |  0.582653 | 9.731343e-05 | -7.918e-05 | -5.657e-05 | 9.470e-09 | 1 | 0.500000
 549  | 1.799985 |  0.582733 | 9.652280e-05 |  7.853e-05 |  5.612e-05 | 9.317e-09 | 1 | 0.500000
 550  | 1.799874 |  0.582654 | 9.573502e-05 | -7.790e-05 | -5.566e-05 | 9.165e-09 | 1 | 0.500000
 551  | 1.799984 |  0.582732 | 9.495718e-05 |  7.726e-05 |  5.521e-05 | 9.017e-09 | 1 | 0.500000
 552  | 1.799875 |  0.582654 | 9.418221e-05 | -7.663e-05 | -5.475e-05 | 8.870e-09 | 1 | 0.500000
 553  | 1.799983 |  0.582732 | 9.341695e-05 |  7.600e-05 |  5.432e-05 | 8.727e-09 | 1 | 0.500000
 554  | 1.799876 |  0.582655 | 9.265458e-05 | -7.539e-05 | -5.386e-05 | 8.585e-09 | 1 | 0.500000
 555  | 1.799982 |  0.582731 | 9.190172e-05 |  7.477e-05 |  5.343e-05 | 8.446e-09 | 1 | 0.500000
 556  | 1.799877 |  0.582656 | 9.115173e-05 | -7.417e-05 | -5.299e-05 | 8.309e-09 | 1 | 0.500000
 557  | 1.799981 |  0.582730 | 9.041105e-05 |  7.356e-05 |  5.257e-05 | 8.174e-09 | 1 | 0.500000
 558  | 1.799878 |  0.582656 | 8.967326e-05 | -7.296e-05 | -5.213e-05 | 8.041e-09 | 1 | 0.500000
 559  | 1.799981 |  0.582730 | 8.894457e-05 |  7.236e-05 |  5.172e-05 | 7.911e-09 | 1 | 0.500000
 560  | 1.799878 |  0.582657 | 8.821877e-05 | -7.178e-05 | -5.129e-05 | 7.783e-09 | 1 | 0.500000
 561  | 1.799980 |  0.582729 | 8.750187e-05 |  7.119e-05 |  5.088e-05 | 7.657e-09 | 1 | 0.500000
 562  | 1.799879 |  0.582657 | 8.678787e-05 | -7.062e-05 | -5.045e-05 | 7.532e-09 | 1 | 0.500000
 563  | 1.799979 |  0.582729 | 8.608258e-05 |  7.004e-05 |  5.005e-05 | 7.410e-09 | 1 | 0.500000
 564  | 1.799880 |  0.582658 | 8.538018e-05 | -6.947e-05 | -4.964e-05 | 7.290e-09 | 1 | 0.500000
 565  | 1.799978 |  0.582728 | 8.468631e-05 |  6.890e-05 |  4.924e-05 | 7.172e-09 | 1 | 0.500000
 566  | 1.799881 |  0.582659 | 8.399532e-05 | -6.834e-05 | -4.883e-05 | 7.055e-09 | 1 | 0.500000
 567  | 1.799977 |  0.582728 | 8.331268e-05 |  6.778e-05 |  4.844e-05 | 6.941e-09 | 1 | 0.500000
 568  | 1.799882 |  0.582659 | 8.263293e-05 | -6.723e-05 | -4.804e-05 | 6.828e-09 | 1 | 0.500000
 569  | 1.799976 |  0.582727 | 8.196133e-05 |  6.668e-05 |  4.765e-05 | 6.718e-09 | 1 | 0.500000
 570  | 1.799882 |  0.582660 | 8.129263e-05 | -6.614e-05 | -4.726e-05 | 6.608e-09 | 1 | 0.500000
 571  | 1.799976 |  0.582726 | 8.063191e-05 |  6.560e-05 |  4.688e-05 | 6.502e-09 | 1 | 0.500000
 572  | 1.799883 |  0.582660 | 7.997407e-05 | -6.507e-05 | -4.649e-05 | 6.396e-09 | 1 | 0.500000
 573  | 1.799975 |  0.582726 | 7.932405e-05 |  6.454e-05 |  4.612e-05 | 6.292e-09 | 1 | 0.500000
 574  | 1.799884 |  0.582661 | 7.867690e-05 | -6.402e-05 | -4.574e-05 | 6.190e-09 | 1 | 0.500000
 575  | 1.799974 |  0.582725 | 7.803740e-05 |  6.349e-05 |  4.537e-05 | 6.090e-09 | 1 | 0.500000
 576  | 1.799885 |  0.582661 | 7.740077e-05 | -6.298e-05 | -4.500e-05 | 5.991e-09 | 1 | 0.500000
 577  | 1.799973 |  0.582725 | 7.677162e-05 |  6.246e-05 |  4.464e-05 | 5.894e-09 | 1 | 0.500000
 578  | 1.799885 |  0.582662 | 7.614533e-05 | -6.196e-05 | -4.427e-05 | 5.798e-09 | 1 | 0.500000
 579  | 1.799973 |  0.582724 | 7.552637e-05 |  6.145e-05 |  4.391e-05 | 5.704e-09 | 1 | 0.500000
 580  | 1.799886 |  0.582662 | 7.491026e-05 | -6.095e-05 | -4.355e-05 | 5.612e-09 | 1 | 0.500000
 581  | 1.799972 |  0.582724 | 7.430132e-05 |  6.045e-05 |  4.320e-05 | 5.521e-09 | 1 | 0.500000
 582  | 1.799887 |  0.582663 | 7.369522e-05 | -5.996e-05 | -4.284e-05 | 5.431e-09 | 1 | 0.500000
 583  | 1.799971 |  0.582723 | 7.309615e-05 |  5.947e-05 |  4.250e-05 | 5.343e-09 | 1 | 0.500000
 584  | 1.799887 |  0.582663 | 7.249989e-05 | -5.899e-05 | -4.215e-05 | 5.256e-09 | 1 | 0.500000
 585  | 1.799971 |  0.582723 | 7.191052e-05 |  5.851e-05 |  4.181e-05 | 5.171e-09 | 1 | 0.500000
 586  | 1.799888 |  0.582664 | 7.132395e-05 | -5.803e-05 | -4.146e-05 | 5.087e-09 | 1 | 0.500000
 587  | 1.799970 |  0.582722 | 7.074412e-05 |  5.756e-05 |  4.113e-05 | 5.005e-09 | 1 | 0.500000
 588  | 1.799889 |  0.582664 | 7.016708e-05 | -5.709e-05 | -4.079e-05 | 4.923e-09 | 1 | 0.500000

